2
17
0
18
1
9
2
0
8
13
0
1
2
18
12
3
5
14
16
1
0
13
8
16
10
1
0
4
13
9
6
6
6
4
17
2
15
1
2
14
2
0
3
9
4
0
0
0
16
4
2
5
2
14
0
4
7
7
3
0
3
0
5
0
5
4
0
16
0
0
0
14
5
1
8
5
0
7
9
0
4
12
6
3
8
9
6
3
3
11
13
19
16
18
4
5
2
10
7
11
5
15
17
9
18
1
0
1
0
19
10
2
0
1
0
0
1
0
11
7
3
0
0
2
2
11
18
2
15
0
13
4
0
8
3
0
5
1
1
17
1
1
1
8
7
0
10
0
4
9
6
2
0
16
1
1
3
9
11
12
10
3
2
8
0
14
18
12
9
3
5
19
11
8
0
6
0
16
5
13
1
2
8
6
12
17
17
2
1
14
0
4
0
2
8
0
3
2
2
0
2
8
2
2
1
0
9
0
13
2
2
14
4
1
16
0
3
3
4
14
10
6
18
17
16
2
5
17
3
1
0
1
7
2
8
4
13
0
3
17
18
14
3
0
2
2
0
15
8
16
3
11
14
4
11
16
4
3
18
12
1
2
0
0
9
8
7
4
0
6
18
9
1
1
0
1
3
4
5
16
2
1
12
2
0
0
11
10
0
6
5
17
16
18
15
3
0
13
18
11
0
3
1
4
2
11
2
18
0
2
0
1
17
0
6
14
0
5
4
1
3
5
5
0
6
1
9
2
12
1
0
6
0
0
5
0
2
18
0
4
1
11
2
15
2
4
3
7
1
1
8
1
1
0
2
13
7
0
12
2
16
1
0
10
10
10
1
0
6
1
15
0
0
9
12
2
2
1
18
6
12
10
0
0
2
0
2
1
0
0
1
0
6
11
10
0
0
8
3
19
0
15
19
1
11
14
4
9
6
10
0
2
4
0
13
4
0
10
17
8
0
1
11
8
0
0
1
11
0
5
16
2
16
4
15
0
0
8
3
8
0
3
1
0
9
1
15
10
2
19
1
1
2
2
15
1
16
13
9
0
8
2
6
4
2
7
8
9
9
0
0
16
1
2
0
0
8
1
2
0
14
10
4
18
18
13
2
5
6
6
0
16
4
5
3
2
9
1
14
3
2
0
2
13
11
4
3
0
0
9
3
15
5
2
8
0
2
3
5
1
12
4
11
11
3
4
2
11
2
14
17
1
9
2
11
0
4
0
6
1
16
0
0
17
16
0
5
4
19
16
7
6
5
0
0
16
1
18
11
9
2
18
6
5
0
2
2
1
10
0
16
13
10
2
2
6
5
3
1
0
16
19
15
11
12
2
8
1
16
3
14
5
7
4
2
2
4
1
1
0
2
2
11
0
17
1
0
4
1
0
0
1
8
9
0
4
9
0
15
5
6
10
18
6
4
0
9
0
2
3
0
0
4
5
15
12
2
1
2
15
2
15
2
5
14
2
19
4
0
18
9
16
0
4
14
15
12
0
2
0
0
0
9
1
3
1
2
4
2
9
0
13
0
1
2
2
0
16
16
8
2
0
12
7
18
3
14
7
5
4
5
0
0
3
0
1
5
1
16
7
9
12
7
7
19
5
16
3
1
15
7
8
19
12
11
14
8
13
0
0
0
18
7
1
5
0
14
0
0
5
1
4
7
16
0
13
6
12
5
1
18
3
0
17
9
0
16
4
6
19
7
15
1
2
0
4
0
6
1
9
15
1
2
14
11
13
0
13
1
0
2
4
19
10
3
10
4
9
14
0
1
18
2
11
4
15
0
0
4
0
2
19
1
17
5
0
5
11
2
2
18
1
5
2
15
13
0
7
16
1
9
1
18
1
4
4
4
4
5
5
17
1
6
14
19
12
10
5
17
2
5
7
0
19
0
8
11
1
2
9
2
0
0
7
9
4
1
0
5
2
2
4
19
18
14
2
8
7
15
8
0
17
3
4
4
4
2
18
2
8
3
1
3
8
1
2
1
0
5
2
2
15
3
0
19
2
2
8
5
1
4
5
7
13
18
4
9
1
0
3
0
0
2
9
5
3
16
1
7
0
5
1
1
8
7
0
6
9
9
0
16
0
0
12
0
2
0
19
0
8
5
3
2
5
6
11
2
1
0
0
5
0
0
2
15
11
4
2
4
0
2
19
4
5
8
3
5
4
1
2
12
2
2
6
0
8
18
0
0
8
1
4
1
0
0
16
19
0
1
1
12
3
15
15
1
0
0
2
18
0
1
15
3
17
0
1
8
6
2
2